function y=fun2(x)

y=52000*x.^2+527000*x+62499000;

end %function